001. 23331202500431
002. 23331202100510
003. 23331202500769
004. 23331202602492
005. 23331202103391
006. 23331202503067
007. 23331202202930
008. 23331202202714
009. 23331202201181
010. 23331202600401
011. 23331202203693
012. 23331202100217
013. 23331202202588
014. 23331202200010
015. 23331202602553
016. 23331202504347
017. 23331201901321
018. 23331202202838
019. 23331202202188
020. 23331202404598
021. 23331202500571
022. 23331202404915
023. 23331202400816
024. 23331202202716
025. 23331202304148
026. 23331202300116
027. 23331202403941
028. 23331202401333
029. 23331202404084
030. 23331202100219
031. 23331202600694
032. 23331202502386
033. 23331202401053
034. 23331202300006
035. 23331202203716
036. 23331202403606
037. 23331202602188
038. 23331202602551
039. 23331202204260
040. 23331202302816
041. 23331202501870
042. 23331202602387
043. 23331202102078
044. 23331202300007
045. 23331202100506
046. 23331202100218
047. 23331202200005
048. 23331202103371
049. 23331202402712
050. 23331202102127
051. 23331202102590
052. 23331201901393
053. 23331202600963
054. 23331202300120
055. 23331202302825
056. 23331202203990
057. 23331202203792
058. 23331202204190
059. 23331202203524
060. 23331201801749
061. 23331202100572
062. 23331202504106
063. 23331202404096
064. 23331202504566
065. 23331202304275
066. 23331202202832
067. 23331202100573
068. 23331202503206
069. 23331202504550
070. 23331202101941
071. 23331201902879
072. 23331202502418
073. 23331202304149
074. 23331202302815
075. 23331202401841
076. 23331202400515
077. 23331202503005
078. 23331202203985
079. 23331202202202
080. 23331202300128
081. 23331202502292
082. 23331202502530
083. 23331202404911
084. 23331202203790
085. 23331202202834
086. 23331202204257
087. 23331202403896
088. 23331202500486
089. 23331202204262
090. 23331202504549
091. 23331202202089
092. 23331202400534
093. 23331202500664
094. 23331202501798
095. 23331202303080
096. 23331202600954
097. 23331202503099
098. 23331202602267
099. 23331202203796
100. 23331202502863
